SM:2025-12-11T23:01:42.1807227Z
LM:2025-12-11T23:01:44.6439277Z
CT:image/jpeg
MA:2592000
CL:13487
