SM:2025-12-11T23:01:42.1755933Z
LM:2025-12-11T23:01:44.6425723Z
CT:image/jpeg
MA:2592000
CL:8504
