SM:2025-12-10T21:22:39.5365442Z
LM:2025-12-10T21:22:40.8597852Z
CT:image/png
MA:2592000
CL:2139
