SM:2025-12-11T23:01:42.2597482Z
LM:2025-12-11T23:01:44.6772877Z
CT:image/jpeg
MA:2592000
CL:18260
