SM:2025-12-11T21:08:16.0341974Z
LM:2025-12-11T21:08:23.1161529Z
CT:image/jpeg
MA:2592000
CL:23637
