SM:2025-12-09T17:11:30.4175135Z
LM:2025-12-09T17:11:38.7232184Z
CT:image/jpeg
MA:2592000
CL:13487
