SM:2025-12-09T17:11:30.4123412Z
LM:2025-12-09T17:11:38.7064645Z
CT:image/jpeg
MA:2592000
CL:8504
