SM:2025-12-10T22:18:51.7852016Z
LM:2025-12-11T00:42:45.6429666Z
CT:image/png
MA:2592000
CL:167372
