SM:2025-12-11T21:08:16.0438726Z
LM:2025-12-11T21:08:23.0702579Z
CT:image/jpeg
MA:2592000
CL:22586
