SM:2025-12-11T21:08:16.0555354Z
LM:2025-12-11T21:12:26.1470469Z
CT:image/jpeg
MA:2592000
CL:9919
