SM:2025-12-09T17:11:30.4937608Z
LM:2025-12-09T21:27:08.3221016Z
CT:image/jpeg
MA:2592000
CL:9919
