SM:2025-12-11T23:01:42.2103383Z
LM:2025-12-11T23:01:44.6425901Z
CT:image/jpeg
MA:2592000
CL:22237
