SM:2025-12-11T23:01:42.2398099Z
LM:2025-12-11T23:01:44.8042159Z
CT:image/jpeg
MA:2592000
CL:39622
