SM:2025-12-09T17:11:30.4023660Z
LM:2025-12-09T17:11:38.7086917Z
CT:image/jpeg
MA:2592000
CL:14965
