SM:2025-12-09T17:11:30.4771477Z
LM:2025-12-09T17:11:39.2598599Z
CT:image/jpeg
MA:2592000
CL:22050
