SM:2025-12-11T21:08:16.0234511Z
LM:2025-12-11T21:08:22.4879025Z
CT:image/jpeg
MA:2592000
CL:36532
