SM:2025-12-09T17:11:30.4175135Z
LM:2025-12-09T21:27:08.3258116Z
CT:image/jpeg
MA:2592000
CL:24278
