SM:2025-12-11T21:08:15.9675503Z
LM:2025-12-11T21:12:25.9226987Z
CT:image/jpeg
MA:2592000
CL:24278
