SM:2025-12-11T21:08:16.0814742Z
LM:2025-12-11T21:12:26.1690784Z
CT:image/jpeg
MA:2592000
CL:18260
