SM:2025-12-10T22:18:51.7852016Z
LM:2025-12-10T22:18:53.2445392Z
CT:image/png
MA:2592000
CL:2139
