SM:2025-12-11T23:01:42.1857064Z
LM:2025-12-11T23:01:44.6443629Z
CT:image/jpeg
MA:2592000
CL:12153
