SM:2025-12-11T21:08:15.9675503Z
LM:2025-12-11T21:08:22.6047194Z
CT:image/jpeg
MA:2592000
CL:13487
