SM:2025-12-11T23:01:42.2201860Z
LM:2025-12-11T23:01:44.8032145Z
CT:image/jpeg
MA:2592000
CL:23637
