SM:2025-12-11T23:01:42.2321859Z
LM:2025-12-11T23:01:44.6425424Z
CT:image/jpeg
MA:2592000
CL:21661
