SM:2025-12-11T23:01:42.1523268Z
LM:2025-12-11T23:01:44.6425198Z
CT:image/jpeg
MA:2592000
CL:14965
