SM:2025-12-09T17:11:30.4604920Z
LM:2025-12-09T17:11:39.4232062Z
CT:image/jpeg
MA:2592000
CL:23718
