SM:2025-12-11T23:01:42.2525453Z
LM:2025-12-11T23:01:44.6858683Z
CT:image/jpeg
MA:2592000
CL:19583
