SM:2025-12-11T21:08:15.9635205Z
LM:2025-12-11T21:12:25.8320591Z
CT:image/jpeg
MA:2592000
CL:13911
