SM:2025-12-11T23:01:42.2153365Z
LM:2025-12-11T23:01:44.6439277Z
CT:image/jpeg
MA:2592000
CL:36532
