SM:2025-12-11T21:08:16.0382360Z
LM:2025-12-11T21:12:26.0371201Z
CT:image/jpeg
MA:2592000
CL:8300
