SM:2025-12-09T17:11:30.4834553Z
LM:2025-12-09T17:11:39.4423297Z
CT:image/jpeg
MA:2592000
CL:21661
