SM:2025-12-09T17:11:30.4195357Z
LM:2025-12-09T21:27:08.3311167Z
CT:image/jpeg
MA:2592000
CL:21978
