SM:2025-12-11T21:08:15.9635205Z
LM:2025-12-11T21:08:22.4879839Z
CT:image/jpeg
MA:2592000
CL:8504
