SM:2025-12-11T21:08:16.0555354Z
LM:2025-12-11T21:08:22.9700271Z
CT:image/jpeg
MA:2592000
CL:36866
