SM:2025-12-09T17:11:30.4604920Z
LM:2025-12-09T21:27:08.3220255Z
CT:image/jpeg
MA:2592000
CL:6436
