SM:2025-12-11T21:08:16.0209234Z
LM:2025-12-11T21:12:26.0054566Z
CT:image/jpeg
MA:2592000
CL:6436
