SM:2025-12-11T23:01:42.2321859Z
LM:2025-12-11T23:01:44.8153365Z
CT:image/jpeg
MA:2592000
CL:22586
