SM:2025-12-09T17:11:30.5671222Z
LM:2025-12-09T17:11:38.7723344Z
CT:image/jpeg
MA:2592000
CL:19583
