SM:2025-12-11T21:08:16.0776814Z
LM:2025-12-11T21:08:23.1728671Z
CT:image/jpeg
MA:2592000
CL:19583
