SM:2025-12-09T17:11:30.4123412Z
LM:2025-12-09T21:27:08.3222963Z
CT:image/jpeg
MA:2592000
CL:13911
