SM:2025-12-10T21:22:39.5365442Z
LM:2025-12-10T21:23:04.6743183Z
CT:image/png
MA:2592000
CL:167372
