SM:2025-12-11T23:01:42.2418311Z
LM:2025-12-11T23:01:44.6894653Z
CT:image/jpeg
MA:2592000
CL:13019
