SM:2025-12-09T17:11:30.6040989Z
LM:2025-12-09T17:11:38.7626410Z
CT:image/jpeg
MA:2592000
CL:18260
