SM:2025-12-11T21:08:16.0814742Z
LM:2025-12-11T21:08:22.7078512Z
CT:image/jpeg
MA:2592000
CL:18260
