SM:2025-12-11T23:01:42.2261838Z
LM:2025-12-11T23:01:44.8097320Z
CT:image/jpeg
MA:2592000
CL:32227
