SM:2025-12-11T21:08:15.9511761Z
LM:2025-12-11T21:08:22.4869890Z
CT:image/jpeg
MA:2592000
CL:14965
