SM:2025-12-11T21:08:16.0209234Z
LM:2025-12-11T21:08:22.4882323Z
CT:image/jpeg
MA:2592000
CL:22237
