SM:2025-12-11T23:01:42.2201860Z
LM:2025-12-11T23:01:44.6893419Z
CT:image/jpeg
MA:2592000
CL:22050
