SM:2025-12-09T17:11:30.6040989Z
LM:2025-12-09T21:27:08.3252018Z
CT:image/jpeg
MA:2592000
CL:18260
