SM:2025-12-11T21:08:15.9793765Z
LM:2025-12-11T21:08:22.4872906Z
CT:image/jpeg
MA:2592000
CL:12153
