SM:2025-12-09T17:11:30.5040425Z
LM:2025-12-09T17:11:38.7923981Z
CT:image/jpeg
MA:2592000
CL:13019
