SM:2025-12-11T21:08:16.0664394Z
LM:2025-12-11T21:08:22.6818219Z
CT:image/jpeg
MA:2592000
CL:13019
