SM:2025-12-11T23:01:42.2103383Z
LM:2025-12-11T23:01:44.8088943Z
CT:image/jpeg
MA:2592000
CL:23718
