SM:2025-12-09T17:11:30.5671222Z
LM:2025-12-09T21:27:08.3258765Z
CT:image/jpeg
MA:2592000
CL:19583
