SM:2025-12-11T21:08:16.0776814Z
LM:2025-12-11T21:12:26.2239626Z
CT:image/jpeg
MA:2592000
CL:19583
