SM:2025-12-11T21:08:16.0234511Z
LM:2025-12-11T21:08:23.0935237Z
CT:image/jpeg
MA:2592000
CL:38126
