SM:2025-12-09T17:11:30.4742183Z
LM:2025-12-09T17:11:39.3738366Z
CT:image/jpeg
MA:2592000
CL:38126
